"Year","Land-use change","Coal","Oil","Gas","Others"
1850,92.489497,7.510503,0,0,0
1851,92.580910,7.419090,0,0,0
1852,92.545176,7.454824,0,0,0
1853,92.485129,7.514871,0,0,0
1854,92.207968,7.792032,0,0,0
1855,92.005151,7.994630,0.000219,0,0
1856,91.795727,8.203882,0.000391,0,0
1857,91.639280,8.360153,0.000566,0,0
1858,91.514326,8.484932,0.000743,0,0
1859,91.369928,8.629217,0.000855,0,0
1860,91.138291,8.860072,0.001637,0,0
1861,90.868750,9.127027,0.004223,0,0
1862,90.620246,9.372116,0.007637,0,0
1863,90.353658,9.636043,0.010299,0,0
1864,90.054173,9.933644,0.012182,0,0
1865,89.736556,10.249157,0.014287,0,0
1866,89.429079,10.553486,0.017435,0,0
1867,89.101295,10.878422,0.020283,0,0
1868,88.784143,11.192472,0.023385,0,0
1869,88.447628,11.525636,0.026735,0,0
1870,88.161760,11.807716,0.030524,0,0
1871,87.878637,12.087263,0.034099,0,0
1872,87.554848,12.407269,0.037883,0,0
1873,87.226570,12.729407,0.044023,0,0
1874,86.987552,12.962094,0.050354,0,0
1875,86.715875,13.228587,0.055538,0,0
1876,86.464159,13.474751,0.061090,0,0
1877,86.227545,13.703645,0.068810,0,0
1878,86.013301,13.909488,0.077211,0,0
1879,85.775540,14.136782,0.087678,0,0
1880,85.474490,14.425534,0.099977,0,0.000000
1881,85.172251,14.714602,0.113147,0,0.000000
1882,84.861945,15.011096,0.126801,0.000157,0.000001
1883,84.537689,15.324770,0.137040,0.000501,0.000001
1884,84.232004,15.618393,0.148085,0.001517,0.000001
1885,83.943539,15.892977,0.158859,0.004624,0.000001
1886,83.668151,16.149913,0.171171,0.010763,0.000002
1887,83.384705,16.411761,0.183805,0.019727,0.000002
1888,83.046698,16.725165,0.196259,0.031876,0.000002
1889,82.734315,17.015160,0.210676,0.039846,0.000003
1890,82.394575,17.330332,0.228253,0.046837,0.000003
1891,82.055008,17.644899,0.248670,0.051419,0.000004
1892,81.735932,17.941916,0.267247,0.054901,0.000004
1893,81.454140,18.201984,0.286046,0.057825,0.000004
1894,81.170262,18.466587,0.302981,0.060166,0.000004
1895,80.867293,18.747415,0.322764,0.062524,0.000005
1896,80.563809,19.028059,0.343535,0.064592,0.000005
1897,80.249819,19.318928,0.364504,0.066743,0.000005
1898,79.919292,19.626463,0.384873,0.069366,0.000006
1899,79.546352,19.975444,0.405134,0.073063,0.000006
1900,79.166412,20.329315,0.427481,0.076784,0.000007
1901,78.788904,20.678219,0.451970,0.080899,0.000008
1902,78.421108,21.016064,0.477691,0.085129,0.000008
1903,78.007429,21.399461,0.503680,0.089421,0.000009
1904,77.615290,21.757391,0.532754,0.093715,0.000850
1905,77.198678,22.140930,0.560112,0.098574,0.001707
1906,76.771924,22.535634,0.585966,0.103900,0.002576
1907,76.260153,23.009028,0.618358,0.109101,0.003361
1908,75.815825,23.413294,0.652871,0.113954,0.004056
1909,75.364912,23.822907,0.687280,0.119989,0.004913
1910,74.895894,24.249137,0.723080,0.126163,0.005727
1911,74.439224,24.661966,0.760058,0.132280,0.006472
1912,73.959101,25.098409,0.796313,0.138964,0.007213
1913,73.432904,25.574878,0.838660,0.145617,0.007942
1914,73.015913,25.942103,0.881137,0.152274,0.008572
1915,72.626684,26.279211,0.925647,0.159229,0.009228
1916,72.191888,26.657151,0.973137,0.167875,0.009948
1917,71.742573,27.044616,1.025563,0.176699,0.010549
1918,71.326973,27.400777,1.077379,0.183874,0.010998
1919,71.028687,27.631288,1.137123,0.191436,0.011467
1920,70.651113,27.922211,1.215314,0.199417,0.011945
1921,70.388513,28.093111,1.300880,0.205281,0.012214
1922,70.111781,28.269305,1.393992,0.212230,0.012693
1923,69.763058,28.507234,1.494420,0.222068,0.013220
1924,69.430210,28.733166,1.589496,0.233403,0.013725
1925,69.109154,28.941583,1.685868,0.245307,0.018088
1926,68.812778,29.128874,1.777906,0.258112,0.022330
1927,68.471295,29.353787,1.876486,0.271898,0.026535
1928,68.148726,29.555128,1.973804,0.286747,0.035595
1929,67.791739,29.779441,2.078573,0.305711,0.044536
1930,67.505355,29.942771,2.174755,0.324435,0.052684
1931,67.301054,30.034734,2.264808,0.340036,0.059368
1932,67.161994,30.071992,2.347501,0.354216,0.064296
1933,67.004441,30.120884,2.437458,0.368341,0.068875
1934,66.811634,30.200019,2.529922,0.384134,0.074292
1935,66.599678,30.290220,2.628523,0.401247,0.080333
1936,66.345229,30.412677,2.734079,0.420401,0.087614
1937,66.060704,30.549235,2.853296,0.441721,0.095044
1938,65.825283,30.647241,2.964397,0.461412,0.101667
1939,65.566566,30.767951,3.076612,0.481322,0.107550
1940,65.278511,30.917681,3.189195,0.502304,0.112309
1941,64.997759,31.063368,3.297382,0.522207,0.119284
1942,64.731485,31.207046,3.392704,0.543716,0.125050
1943,64.466524,31.342519,3.493541,0.567453,0.129963
1944,64.202506,31.458193,3.613940,0.592911,0.132449
1945,64.045290,31.463708,3.734097,0.621854,0.135051
1946,63.848422,31.490096,3.870981,0.650665,0.139837
1947,63.599622,31.558362,4.014230,0.682145,0.145640
1948,63.326296,31.632214,4.171057,0.717751,0.152682
1949,63.076756,31.683356,4.323550,0.755807,0.160531
1950,62.783254,31.722078,4.513488,0.799709,0.181471
1951,62.473135,31.764052,4.707419,0.851414,0.203980
1952,62.173825,31.785732,4.907499,0.905747,0.227197
1953,61.874734,31.797665,5.115416,0.961851,0.250334
1954,61.583711,31.793316,5.330614,1.019420,0.272939
1955,61.254589,31.799239,5.566974,1.080292,0.298906
1956,60.907500,31.805808,5.816752,1.143438,0.326502
1957,60.562800,31.803616,6.068563,1.211712,0.353309
1958,60.223495,31.792789,6.320920,1.284680,0.378116
1959,59.880434,31.775517,6.580271,1.360358,0.403420
1960,59.480627,31.786567,6.858276,1.443025,0.431504
1961,59.070372,31.787691,7.153215,1.529323,0.459398
1962,58.640078,31.782037,7.467173,1.622940,0.487773
1963,58.175936,31.788144,7.796870,1.722230,0.516820
1964,57.681070,31.792097,8.146883,1.829845,0.550106
1965,57.150787,31.802294,8.519147,1.942427,0.585346
1966,56.592965,31.806522,8.914912,2.062789,0.622812
1967,56.036201,31.783895,9.327007,2.188142,0.664755
1968,55.461747,31.742646,9.766609,2.321115,0.707883
1969,54.842128,31.705920,10.232669,2.463898,0.755384
1970,54.177137,31.652936,10.757119,2.606877,0.805932
1971,53.504527,31.582495,11.295466,2.757389,0.860123
1972,52.820465,31.490401,11.861100,2.911774,0.916261
1973,52.112843,31.396517,12.440527,3.072866,0.977247
1974,51.433069,31.313162,12.985746,3.233164,1.034859
1975,50.782213,31.247419,13.500305,3.386140,1.083924
1976,50.109947,31.180061,14.030168,3.542459,1.137364
1977,49.446955,31.112041,14.557687,3.695202,1.188115
1978,48.777491,31.046224,15.086716,3.850168,1.239401
1979,48.105022,31.000362,15.598875,4.009743,1.285998
1980,47.466602,30.975078,16.062445,4.169086,1.326788
1981,46.886959,30.953375,16.474843,4.325666,1.359157
1982,46.336958,30.946317,16.855516,4.471232,1.389976
1983,45.821314,30.941801,17.207133,4.611628,1.418125
1984,45.323635,30.937126,17.534173,4.762400,1.442666
1985,44.812275,30.965576,17.841893,4.914308,1.465949
1986,44.312308,30.993926,18.152092,5.052963,1.488711
1987,43.810207,31.027431,18.447025,5.203445,1.511892
1988,43.298613,31.063452,18.743173,5.356886,1.537876
1989,42.789947,31.095377,19.037490,5.516497,1.560689
1990,42.291022,31.102237,19.323907,5.682287,1.600547
1991,41.792252,31.094830,19.627482,5.845504,1.639932
1992,41.337143,31.084956,19.892285,6.007958,1.677658
1993,40.891955,31.077755,20.144693,6.170832,1.714765
1994,40.475556,31.062089,20.382182,6.327611,1.752562
1995,40.061432,31.053254,20.610837,6.483609,1.790868
1996,39.644644,31.045081,20.839656,6.642810,1.827809
1997,39.309133,30.995950,21.043080,6.788783,1.863054
1998,38.927916,30.966391,21.266933,6.940837,1.897923
1999,38.548378,30.935952,21.489814,7.093497,1.932359
2000,38.152416,30.920878,21.711469,7.245681,1.969556
2001,37.752168,30.912311,21.932465,7.395607,2.007449
2002,37.368472,30.909704,22.132150,7.543343,2.046332
2003,36.986699,30.922303,22.318113,7.687745,2.085140
2004,36.588904,30.942065,22.508637,7.833533,2.126862
2005,36.164297,30.991890,22.693310,7.979203,2.171301
2006,35.748770,31.052167,22.860707,8.120501,2.217855
2007,35.310425,31.136321,23.020500,8.265113,2.267641
2008,34.884728,31.226142,23.163463,8.409734,2.315933
2009,34.496602,31.305860,23.289921,8.543949,2.363669
2010,34.085866,31.402732,23.411194,8.688304,2.411906
2011,33.676077,31.516174,23.515154,8.830289,2.462307
2012,33.269087,31.628444,23.618230,8.971676,2.512564
2013,32.866186,31.739601,23.720169,9.109290,2.564754
2014,32.483081,31.839970,23.814820,9.244687,2.617442
2015,32.128395,31.914967,23.912468,9.379265,2.664904
2016,31.761210,31.984440,24.020173,9.520899,2.713278
2017,31.393160,32.052615,24.129679,9.663459,2.761087
2018,31.023720,32.120734,24.230449,9.815067,2.810030
2019,30.674543,32.177154,24.324671,9.963765,2.859866
2020,30.345672,32.239687,24.391518,10.113258,2.909865
2021,30.001339,32.310036,24.465110,10.265551,2.957964
