"Year","Europe","Asia","Africa","North America","South America","Middle East","Oceania"
1850,89.910280,0.007469,0,10.082251,0,0,0
1851,88.736711,0.003717,0,11.259572,0,0,0
1852,88.156791,0.002438,0,11.840771,0,0,0
1853,87.603432,0.001793,0,12.394775,0,0,0
1854,87.449537,0.001367,0,12.549096,0,0,0
1855,87.022565,0.004440,0,12.972995,0,0,0
1856,86.760285,0.003676,0,13.236039,0,0,0
1857,86.537629,0.003133,0,13.459238,0,0,0
1858,86.348691,0.023720,0,13.627589,0,0,0
1859,86.138677,0.049197,0,13.812126,0,0,0
1860,86.031989,0.069425,0,13.888673,0,0,0.009913
1861,86.073691,0.081061,0,13.820293,0,0,0.024954
1862,86.081990,0.091425,0,13.794024,0,0,0.032561
1863,85.978165,0.100935,0,13.881232,0,0,0.039667
1864,85.899470,0.107548,0,13.950848,0,0,0.042134
1865,85.896631,0.112091,0,13.940906,0,0.003177,0.047194
1866,85.906698,0.121691,0,13.908091,0,0.006940,0.056581
1867,85.753643,0.118647,0,14.049722,0,0.010372,0.067615
1868,85.515256,0.114892,0,14.283302,0,0.012407,0.074143
1869,85.210840,0.113116,0,14.582626,0,0.015450,0.077967
1870,84.900063,0.111968,0,14.890925,0,0.016496,0.080547
1871,84.630727,0.112854,0,15.154983,0,0.017842,0.083594
1872,84.230625,0.113105,0,15.551052,0,0.019436,0.085782
1873,83.811131,0.112443,0,15.966720,0,0.020638,0.089068
1874,83.422711,0.119444,0,16.343350,0,0.021960,0.092535
1875,83.141389,0.134358,0,16.605836,0,0.023924,0.094493
1876,82.934450,0.148977,0,16.794591,0,0.024928,0.097055
1877,82.646056,0.160929,0,17.065405,0,0.027251,0.100358
1878,82.401860,0.193079,0,17.271423,0,0.028329,0.105308
1879,82.004470,0.224079,0,17.629661,0,0.027653,0.114138
1880,81.582137,0.253536,0,18.009794,0,0.026964,0.127569
1881,81.166168,0.279854,0,18.390592,0,0.026597,0.136789
1882,80.685782,0.305805,0,18.835756,0,0.026005,0.146653
1883,80.206055,0.332000,0,19.278593,0,0.025432,0.157920
1884,79.703947,0.358254,0.000123,19.743276,0.000021,0.024990,0.169390
1885,79.237035,0.383311,0.000311,20.172917,0.000039,0.024682,0.181706
1886,78.751555,0.408688,0.000534,20.622274,0.000074,0.024091,0.192784
1887,78.252340,0.436786,0.000734,21.077580,0.005277,0.024025,0.203258
1888,77.595897,0.464958,0.001058,21.690711,0.009043,0.023939,0.214394
1889,77.166685,0.498527,0.001569,22.068909,0.016128,0.024443,0.223739
1890,76.601167,0.531988,0.002690,22.586523,0.020882,0.024642,0.232108
1891,76.032520,0.568793,0.003691,23.105386,0.023580,0.024904,0.241125
1892,75.439405,0.605584,0.005259,23.647189,0.027699,0.025157,0.249708
1893,74.860551,0.646629,0.011272,24.167022,0.031966,0.025451,0.257109
1894,74.459744,0.690767,0.018821,24.502908,0.037228,0.025569,0.264963
1895,73.974879,0.740339,0.028493,24.914145,0.044425,0.025550,0.272169
1896,73.557425,0.789311,0.040016,25.257988,0.051056,0.025705,0.278499
1897,73.166449,0.839651,0.051912,25.574592,0.056634,0.025424,0.285340
1898,72.726214,0.899298,0.066093,25.926976,0.062716,0.025679,0.293024
1899,72.213179,0.955006,0.077304,26.359286,0.069384,0.026189,0.299651
1900,71.706398,1.015437,0.079344,26.781006,0.073883,0.027495,0.316438
1901,71.112826,1.083898,0.084806,27.269659,0.085500,0.028428,0.334883
1902,70.494180,1.149190,0.093990,27.783197,0.098154,0.029465,0.351824
1903,69.756232,1.209190,0.106388,28.422001,0.109879,0.030627,0.365683
1904,69.097724,1.276665,0.119657,28.972204,0.122483,0.031995,0.379272
1905,68.373513,1.336091,0.134000,29.596579,0.134643,0.033466,0.391708
1906,67.657142,1.400800,0.149455,30.199458,0.151204,0.034830,0.407111
1907,66.843890,1.497516,0.164639,30.870851,0.165866,0.036370,0.420867
1908,66.274795,1.602876,0.179482,31.285770,0.183146,0.037568,0.436365
1909,65.638811,1.700521,0.195825,31.783381,0.196189,0.038963,0.446310
1910,64.946830,1.788112,0.213356,32.338356,0.213552,0.040035,0.459759
1911,64.325375,1.876193,0.228385,32.822348,0.232107,0.041685,0.473906
1912,63.699844,1.955400,0.243110,33.320642,0.249780,0.042941,0.488283
1913,63.080752,2.043009,0.257838,33.806219,0.266510,0.044782,0.500889
1914,62.529959,2.138735,0.272313,34.216140,0.277998,0.046582,0.518272
1915,61.957284,2.221108,0.285886,34.670593,0.286223,0.047784,0.531122
1916,61.325989,2.306093,0.301869,35.187291,0.291336,0.048847,0.538574
1917,60.605602,2.393308,0.318434,35.793890,0.292559,0.050500,0.545708
1918,59.819838,2.479607,0.333223,36.465394,0.294245,0.052828,0.554865
1919,59.158982,2.588236,0.349380,36.983193,0.299126,0.056678,0.564404
1920,58.439089,2.666849,0.365364,37.588751,0.304390,0.061596,0.573962
1921,57.895595,2.746863,0.381796,38.014996,0.310319,0.067691,0.582739
1922,57.439989,2.825114,0.392859,38.357294,0.318034,0.075363,0.591347
1923,56.725549,2.900968,0.406316,38.957995,0.326585,0.084836,0.597751
1924,56.235979,2.981519,0.420265,39.321158,0.339016,0.096268,0.605794
1925,55.745825,3.057244,0.434519,39.688184,0.352556,0.107464,0.614207
1926,55.134299,3.131555,0.450018,40.175769,0.366802,0.119282,0.622275
1927,54.704147,3.205681,0.462856,40.484922,0.381505,0.131706,0.629183
1928,54.313669,3.283954,0.475685,40.750737,0.397947,0.144135,0.633874
1929,53.936302,3.357732,0.487442,41.012852,0.415311,0.155354,0.635007
1930,53.641055,3.433540,0.498133,41.193955,0.429190,0.167715,0.636412
1931,53.440244,3.509400,0.506709,41.286415,0.440341,0.179472,0.637419
1932,53.298898,3.588702,0.514118,41.311057,0.454530,0.192701,0.639994
1933,53.133040,3.675175,0.521887,41.349460,0.470916,0.206949,0.642574
1934,52.967996,3.771439,0.530982,41.372039,0.489158,0.223570,0.644815
1935,52.803909,3.874463,0.541210,41.382355,0.508817,0.241297,0.647950
1936,52.593771,3.977915,0.551619,41.440351,0.525896,0.259872,0.650576
1937,52.400099,4.078025,0.562237,41.476716,0.548875,0.280902,0.653145
1938,52.306784,4.184739,0.574514,41.406279,0.570023,0.301601,0.656059
1939,52.171569,4.290710,0.587012,41.375727,0.590260,0.324301,0.660421
1940,51.998054,4.415009,0.599071,41.374682,0.610496,0.341277,0.661410
1941,51.754829,4.538746,0.612530,41.447735,0.629186,0.351848,0.665126
1942,51.448808,4.633239,0.627899,41.607005,0.645198,0.368058,0.669794
1943,51.140311,4.714350,0.642873,41.782592,0.660722,0.385871,0.673280
1944,50.769958,4.781858,0.660154,42.023082,0.678551,0.410420,0.675976
1945,50.307273,4.801251,0.679917,42.386901,0.699057,0.444826,0.680774
1946,49.976307,4.791539,0.697838,42.609797,0.749227,0.489930,0.685362
1947,49.661170,4.791610,0.713150,42.833795,0.769064,0.541912,0.689299
1948,49.366480,4.798967,0.728557,43.044036,0.790750,0.578843,0.692367
1949,49.208987,4.839457,0.746330,43.080746,0.810444,0.618519,0.695517
1950,48.984468,4.876877,0.768928,43.167151,0.847482,0.649490,0.705604
1951,48.803773,4.930817,0.791878,43.222499,0.891886,0.643343,0.715803
1952,48.650726,5.002129,0.817211,43.231228,0.936213,0.636207,0.726285
1953,48.502346,5.079181,0.841312,43.233924,0.977705,0.630486,0.735046
1954,48.405349,5.167759,0.865891,43.163835,1.023749,0.626891,0.746525
1955,48.297829,5.264247,0.891642,43.088857,1.071795,0.628733,0.756897
1956,48.191128,5.370669,0.916530,43.000482,1.121914,0.632746,0.766532
1957,48.102521,5.499765,0.941567,42.871001,1.172573,0.636894,0.775679
1958,47.990426,5.718856,0.966824,42.681468,1.215711,0.642155,0.784561
1959,47.841470,5.996429,0.988902,42.470832,1.261121,0.647393,0.793853
1960,47.704154,6.295809,1.010910,42.227150,1.301039,0.657719,0.803220
1961,47.620834,6.529179,1.033355,41.994870,1.340096,0.668781,0.812885
1962,47.565321,6.721741,1.054806,41.770782,1.381919,0.683161,0.822271
1963,47.522650,6.912689,1.076406,41.537772,1.418479,0.699979,0.832026
1964,47.475956,7.099893,1.100118,41.304686,1.455720,0.720922,0.842705
1965,47.408043,7.298599,1.126585,41.072569,1.491431,0.747589,0.855184
1966,47.323275,7.507848,1.151846,40.846602,1.526034,0.778740,0.865654
1967,47.229634,7.702703,1.178718,40.640575,1.562442,0.808971,0.876957
1968,47.126566,7.913763,1.207188,40.421379,1.599568,0.844000,0.887537
1969,47.006458,8.155019,1.236423,40.183235,1.638297,0.882941,0.897627
1970,46.836660,8.452729,1.266373,39.938098,1.678991,0.920982,0.906167
1971,46.668278,8.766652,1.299362,39.667113,1.717671,0.966587,0.914337
1972,46.490372,9.078875,1.332548,39.407564,1.755497,1.013466,0.921678
1973,46.305439,9.386598,1.366709,39.144522,1.796391,1.069915,0.930427
1974,46.140125,9.682974,1.400779,38.871916,1.839395,1.125709,0.939101
1975,45.986535,9.993252,1.432136,38.585868,1.878889,1.175717,0.947603
1976,45.831417,10.293949,1.465205,38.304447,1.916815,1.234575,0.953592
1977,45.654052,10.605918,1.497119,38.035883,1.952698,1.293271,0.961059
1978,45.483692,10.918735,1.530711,37.762125,1.988584,1.347069,0.969084
1979,45.313082,11.225141,1.567080,37.490364,2.026535,1.401830,0.975968
1980,45.162450,11.515305,1.607579,37.213881,2.064577,1.450732,0.985477
1981,45.006827,11.791638,1.648826,36.961339,2.097624,1.497254,0.996492
1982,44.858987,12.075712,1.691635,36.692997,2.129629,1.543202,1.007836
1983,44.711143,12.364397,1.735162,36.424495,2.157084,1.590885,1.016834
1984,44.535131,12.661463,1.782752,36.172838,2.183097,1.638484,1.026235
1985,44.374116,12.964925,1.828302,35.900690,2.207877,1.688861,1.035228
1986,44.206749,13.272022,1.873947,35.629976,2.232239,1.741795,1.043271
1987,44.020545,13.583244,1.915691,35.377140,2.258178,1.792693,1.052509
1988,43.801983,13.917570,1.957696,35.133408,2.283278,1.845129,1.060935
1989,43.575153,14.250160,1.993103,34.904418,2.306745,1.899733,1.070689
1990,43.366859,14.580125,2.020564,34.669598,2.329952,1.953398,1.079503
1991,43.107226,14.912356,2.048934,34.420247,2.351272,2.072529,1.087435
1992,42.819499,15.266740,2.075002,34.227349,2.374608,2.140139,1.096663
1993,42.501523,15.627628,2.103854,34.047518,2.400285,2.213575,1.105617
1994,42.152501,16.000861,2.132151,33.885368,2.426885,2.287697,1.114537
1995,41.797334,16.387631,2.163765,33.720307,2.455034,2.352200,1.123730
1996,41.435675,16.777517,2.193514,33.563502,2.483572,2.413642,1.132579
1997,41.065624,17.160295,2.224621,33.422522,2.515267,2.469754,1.141917
1998,40.716445,17.494767,2.257120,33.300390,2.551064,2.527983,1.152231
1999,40.355306,17.841562,2.286205,33.176559,2.586265,2.591485,1.162618
2000,39.983208,18.188297,2.317799,33.058484,2.617356,2.662447,1.172409
2001,39.632575,18.528725,2.347179,32.929730,2.647986,2.731398,1.182407
2002,39.273416,18.892204,2.374672,32.793157,2.677543,2.797268,1.191740
2003,38.896746,19.296516,2.404764,32.632860,2.704097,2.864929,1.200089
2004,38.509669,19.715201,2.437619,32.462888,2.727756,2.938632,1.208235
2005,38.109294,20.164837,2.468679,32.278246,2.751601,3.011909,1.215434
2006,37.707170,20.637748,2.499048,32.071179,2.773863,3.089143,1.221849
2007,37.294766,21.131593,2.529624,31.860499,2.795777,3.160117,1.227624
2008,36.879711,21.639696,2.561459,31.627957,2.820794,3.237403,1.232979
2009,36.458220,22.167481,2.591978,31.380397,2.844303,3.319081,1.238539
2010,36.026135,22.722209,2.620876,31.118282,2.870382,3.399979,1.242137
2011,35.580277,23.317775,2.648946,30.835864,2.894468,3.478268,1.244402
2012,35.138783,23.915635,2.675213,30.542018,2.919123,3.562859,1.246369
2013,34.699986,24.500862,2.700312,30.265433,2.946675,3.639366,1.247365
2014,34.259994,25.070150,2.729369,29.999060,2.973925,3.719584,1.247917
2015,33.841967,25.615811,2.755402,29.736000,2.998087,3.803691,1.249042
2016,33.443524,26.143423,2.782962,29.476671,3.018146,3.884566,1.250708
2017,33.053868,26.666180,2.809402,29.216334,3.034292,3.967726,1.252197
2018,32.665456,27.192875,2.832617,28.966739,3.044615,4.044495,1.253203
2019,32.277633,27.719860,2.860566,28.715764,3.054894,4.117252,1.254032
2020,31.910555,28.237485,2.885002,28.460863,3.060664,4.190589,1.254843
2021,31.542702,28.757023,2.909227,28.205478,3.069378,4.262435,1.253757
