"Year","China","USA","India","EU27","Russia","Japan","United Kingdom","All others"
1850,0,10.054950,0,27.528902,0.035276,0,62.154761,0.226111
1851,0,11.229288,0,28.180042,0.017552,0,60.350241,0.222877
1852,0,11.806144,0,29.138977,0.011511,0,58.810753,0.232615
1853,0,12.356415,0,30.099403,0.008463,0,57.299326,0.236393
1854,0,12.509421,0,30.615816,0.006456,0,56.637019,0.231288
1855,0,12.928925,0,31.449869,0.020962,0,55.346808,0.253435
1856,0,13.180620,0,32.000568,0.017348,0,54.484426,0.317038
1857,0,13.391350,0,32.553163,0.014774,0,53.659884,0.380829
1858,0,13.547715,0.018090,33.145215,0.026398,0,52.816520,0.446062
1859,0,13.722015,0.041516,33.294615,0.035810,0,52.409597,0.496447
1860,0,13.787357,0.059458,33.366214,0.046301,0,52.189187,0.551483
1861,0,13.709468,0.068609,33.598153,0.057825,0,51.961940,0.604004
1862,0,13.670963,0.077302,34.009125,0.065466,0,51.521445,0.655699
1863,0,13.745924,0.085419,34.276080,0.071845,0,51.128733,0.691999
1864,0,13.800773,0.090686,34.520359,0.077960,0,50.769664,0.740558
1865,0,13.775672,0.094322,34.809325,0.082051,0,50.447526,0.791104
1866,0,13.725038,0.098485,35.040606,0.107389,0,50.162345,0.866136
1867,0,13.846176,0.090140,35.252255,0.132356,0,49.742694,0.936379
1868,0,14.071228,0.082915,35.495947,0.147817,0.000178,49.211735,0.990179
1869,0,14.367916,0.076415,35.661625,0.168823,0.000438,48.695978,1.028805
1870,0,14.666543,0.070749,35.757557,0.189052,0.000659,48.245405,1.070036
1871,0,14.915965,0.065581,35.858103,0.216223,0.000940,47.824177,1.119013
1872,0,15.297802,0.060672,35.962978,0.238964,0.001260,47.269495,1.168828
1873,0,15.703687,0.056203,36.079224,0.255202,0.001610,46.695188,1.208886
1874,0,16.069300,0.052571,36.011451,0.277136,0.007532,46.321410,1.260600
1875,0,16.321997,0.049132,36.104248,0.300338,0.020870,45.898934,1.304481
1876,0,16.503083,0.046076,36.257532,0.329778,0.032213,45.485011,1.346307
1877,0,16.765576,0.043328,36.296661,0.356294,0.041216,45.109505,1.387420
1878,0,16.964749,0.054989,36.384005,0.393025,0.053723,44.716823,1.432686
1879,0,17.315575,0.064531,36.442880,0.425606,0.068092,44.211279,1.472038
1880,0,17.670115,0.073963,36.557212,0.460453,0.080576,43.629429,1.528253
1881,0,18.024877,0.081836,36.593964,0.493374,0.091887,43.129446,1.584616
1882,0,18.440576,0.090789,36.629973,0.524004,0.102237,42.568369,1.644052
1883,0,18.853019,0.099843,36.672805,0.557049,0.112213,41.996927,1.708144
1884,0,19.283180,0.109429,36.707087,0.586956,0.122366,41.413418,1.777564
1885,0,19.683669,0.116521,36.747252,0.618600,0.133451,40.855319,1.845188
1886,0,20.104377,0.124359,36.763825,0.648058,0.144579,40.308501,1.906300
1887,0,20.528583,0.132503,36.775887,0.676378,0.158357,39.756861,1.971431
1888,0,21.099737,0.140658,36.730012,0.700757,0.173013,39.110075,2.045748
1889,0,21.448759,0.150580,36.786368,0.727236,0.190780,38.578665,2.117612
1890,0,21.938516,0.160513,36.790401,0.755777,0.207967,37.969822,2.177004
1891,0,22.424074,0.170350,36.781628,0.786002,0.228123,37.361262,2.248561
1892,0,22.935888,0.180862,36.731212,0.816779,0.246005,36.771550,2.317703
1893,0,23.425490,0.191509,36.736246,0.856628,0.264062,36.132507,2.393558
1894,0,23.736697,0.201114,36.764824,0.892829,0.288122,35.644820,2.471594
1895,0,24.129543,0.213769,36.744679,0.934179,0.313003,35.118758,2.546069
1896,0,24.453667,0.226673,36.767807,0.971809,0.337218,34.619866,2.622960
1897,0,24.753055,0.239783,36.807400,1.016063,0.360333,34.122544,2.700822
1898,0,25.088377,0.253503,36.828056,1.064194,0.390581,33.590475,2.784814
1899,0,25.498424,0.267330,36.784458,1.118061,0.416504,33.042503,2.872719
1900,0,25.899692,0.283831,36.761333,1.177436,0.444249,32.478852,2.954607
1901,0,26.363523,0.301307,36.680559,1.232400,0.477821,31.899063,3.045326
1902,0,26.851010,0.319829,36.535799,1.277296,0.511509,31.371913,3.132644
1903,0,27.463268,0.335971,36.357961,1.310815,0.541835,30.775360,3.214790
1904,0,27.979532,0.354023,36.206384,1.350768,0.575714,30.222154,3.311425
1905,0,28.569801,0.370113,36.038571,1.372822,0.606526,29.643015,3.399153
1906,0,29.139558,0.388824,35.845331,1.401628,0.638701,29.087301,3.498657
1907,0.034871,29.768349,0.407221,35.648788,1.429578,0.667706,28.438636,3.604849
1908,0.071246,30.141978,0.429891,35.596932,1.458192,0.699515,27.886705,3.715542
1909,0.106608,30.606205,0.448494,35.473067,1.486576,0.728146,27.340043,3.810862
1910,0.139696,31.123291,0.463450,35.310865,1.507419,0.754331,26.789239,3.911708
1911,0.169192,31.554435,0.478640,35.167947,1.528530,0.784679,26.286166,4.030410
1912,0.185189,31.996998,0.496643,35.060726,1.555725,0.817690,25.734986,4.152043
1913,0.208643,32.416603,0.515156,34.946052,1.582835,0.851486,25.197310,4.281914
1914,0.234097,32.776857,0.534523,34.776391,1.604898,0.890632,24.790625,4.391976
1915,0.256143,33.189745,0.554479,34.542081,1.619425,0.920979,24.438009,4.479138
1916,0.281264,33.650405,0.571713,34.277814,1.632870,0.953033,24.060924,4.571978
1917,0.306060,34.186956,0.588287,33.965210,1.636446,0.990904,23.664371,4.661767
1918,0.332073,34.783567,0.608601,33.634872,1.600843,1.030800,23.273331,4.735913
1919,0.361331,35.227719,0.634284,33.285450,1.571767,1.081013,23.011434,4.827002
1920,0.389111,35.724765,0.646841,32.966032,1.534765,1.117422,22.674340,4.946723
1921,0.415244,36.032359,0.663900,32.838829,1.508232,1.148868,22.309804,5.082764
1922,0.440362,36.282133,0.678422,32.695834,1.485469,1.181184,22.037855,5.198741
1923,0.468121,36.793640,0.690285,32.344265,1.460623,1.210823,21.719321,5.312923
1924,0.496076,37.091644,0.703652,32.169121,1.441959,1.241439,21.439020,5.417090
1925,0.519600,37.409947,0.715469,32.004628,1.423649,1.271983,21.146275,5.508449
1926,0.540036,37.851353,0.726815,31.838998,1.419405,1.301804,20.716324,5.605265
1927,0.559476,38.128324,0.737058,31.695390,1.420847,1.331799,20.434435,5.692671
1928,0.579166,38.368062,0.745343,31.585017,1.427468,1.362362,20.151832,5.780750
1929,0.596868,38.608318,0.752702,31.495403,1.434319,1.389890,19.860427,5.862073
1930,0.615881,38.767232,0.761944,31.405062,1.462748,1.412729,19.621948,5.952456
1931,0.637395,38.847882,0.770436,31.333766,1.507781,1.432668,19.433650,6.036421
1932,0.658298,38.860151,0.778493,31.259591,1.564510,1.455193,19.289818,6.133945
1933,0.680125,38.888911,0.784834,31.171328,1.627266,1.484142,19.128458,6.234936
1934,0.705110,38.898493,0.792104,31.073994,1.704088,1.515403,18.959233,6.351575
1935,0.734722,38.898671,0.799254,30.975360,1.790166,1.546741,18.779984,6.475102
1936,0.762890,38.947081,0.803712,30.836594,1.886007,1.579462,18.581678,6.602575
1937,0.785426,38.972448,0.809199,30.734126,1.976518,1.612903,18.370321,6.739058
1938,0.802287,38.892989,0.818876,30.693652,2.073169,1.650954,18.188058,6.880016
1939,0.824787,38.853519,0.826290,30.633577,2.163757,1.682430,17.990417,7.025224
1940,0.853437,38.840540,0.833068,30.533788,2.272420,1.722743,17.775591,7.168413
1941,0.892777,38.896758,0.839652,30.409657,2.353806,1.760521,17.561100,7.285729
1942,0.937409,39.036469,0.845930,30.305236,2.367061,1.792774,17.356014,7.359107
1943,0.969509,39.188482,0.847870,30.197364,2.381711,1.823949,17.151844,7.439272
1944,0.996457,39.403144,0.849867,29.985027,2.428486,1.846633,16.950420,7.539966
1945,1.003007,39.736547,0.858046,29.589978,2.489901,1.845351,16.813965,7.663204
1946,0.998081,39.944058,0.864220,29.338780,2.558500,1.829607,16.662809,7.803944
1947,0.993467,40.144791,0.868276,29.089644,2.641938,1.817986,16.484505,7.959394
1948,0.986188,40.327894,0.871008,28.863134,2.726954,1.812912,16.301851,8.110059
1949,0.991052,40.357813,0.875918,28.731678,2.831132,1.814754,16.147789,8.249865
1950,0.999885,40.423045,0.879950,28.544090,2.939948,1.812519,15.946676,8.453887
1951,1.016289,40.439807,0.883319,28.376332,3.052238,1.815856,15.744395,8.671764
1952,1.042237,40.413052,0.887610,28.231155,3.170700,1.821268,15.540405,8.893573
1953,1.068374,40.382703,0.891531,28.084133,3.291820,1.831311,15.340373,9.109755
1954,1.103231,40.283136,0.896220,27.967568,3.423247,1.838549,15.147607,9.340443
1955,1.144783,40.179591,0.900848,27.837808,3.567484,1.840533,14.936540,9.592413
1956,1.191319,40.058816,0.904664,27.711567,3.719709,1.846092,14.709774,9.858060
1957,1.248458,39.898772,0.911011,27.588094,3.883153,1.859512,14.481108,10.129892
1958,1.395454,39.684603,0.917716,27.443998,4.051816,1.868237,14.248950,10.389225
1959,1.598197,39.452826,0.924576,27.277658,4.218664,1.877581,14.005935,10.644565
1960,1.811859,39.187343,0.932656,27.125975,4.379606,1.896215,13.765286,10.901059
1961,1.939644,38.930961,0.943067,27.012810,4.539330,1.929627,13.539326,11.165235
1962,2.023457,38.682884,0.955663,26.926563,4.698907,1.962214,13.314181,11.436131
1963,2.098226,38.429189,0.968971,26.851028,4.862398,1.999385,13.084938,11.705865
1964,2.166128,38.168810,0.979033,26.774769,5.026948,2.040946,12.849837,11.993529
1965,2.237996,37.910491,0.991130,26.675881,5.193064,2.084899,12.615812,12.290728
1966,2.315358,37.658288,1.002517,26.565329,5.358575,2.131880,12.376487,12.591566
1967,2.361992,37.420244,1.012238,26.451821,5.523003,2.192260,12.133282,12.905159
1968,2.410609,37.168273,1.023313,26.344713,5.676652,2.263559,11.888685,13.224195
1969,2.478579,36.902280,1.032325,26.238006,5.821658,2.347884,11.640466,13.538802
1970,2.582806,36.627037,1.038958,26.100805,5.957897,2.447658,11.383443,13.861397
1971,2.699396,36.326121,1.046035,25.958534,6.096595,2.543941,11.130341,14.199036
1972,2.816646,36.034309,1.053397,25.813669,6.233471,2.642991,10.874527,14.530989
1973,2.928862,35.742401,1.059597,25.668677,6.363685,2.741504,10.619391,14.875882
1974,3.037732,35.442680,1.066913,25.533821,6.498862,2.833541,10.375034,15.211419
1975,3.169780,35.131934,1.077289,25.391518,6.642030,2.910284,10.143575,15.533589
1976,3.295552,34.830672,1.087055,25.266033,6.777167,2.984271,9.908552,15.850696
1977,3.430899,34.543163,1.097768,25.118094,6.908748,3.055255,9.681138,16.164937
1978,3.580821,34.248974,1.107389,24.977795,7.036504,3.112906,9.459184,16.476427
1979,3.723068,33.954126,1.117604,24.842493,7.152075,3.172797,9.250115,16.787722
1980,3.851563,33.651944,1.129954,24.715085,7.275007,3.227977,9.045627,17.102842
1981,3.972032,33.374207,1.146153,24.579587,7.389191,3.279208,8.857721,17.401902
1982,4.106719,33.083390,1.163297,24.443571,7.504527,3.323509,8.681184,17.693804
1983,4.246240,32.800546,1.183329,24.304359,7.616421,3.362152,8.512826,17.974127
1984,4.395962,32.536509,1.202451,24.154702,7.717349,3.403628,8.343408,18.245993
1985,4.554923,32.255195,1.224508,23.998914,7.829681,3.435835,8.180147,18.520798
1986,4.717692,31.977813,1.248797,23.839821,7.932331,3.464576,8.024004,18.794965
1987,4.887980,31.710652,1.274569,23.673646,8.023537,3.487090,7.870238,19.072288
1988,5.065321,31.453477,1.302256,23.485865,8.111119,3.515353,7.716411,19.350198
1989,5.235449,31.209253,1.334130,23.304440,8.186481,3.545331,7.569803,19.615114
1990,5.396441,30.964003,1.368291,23.127053,8.270470,3.589042,7.430730,19.853970
1991,5.560170,30.708248,1.404316,22.938793,8.329582,3.629759,7.296171,20.132961
1992,5.734067,30.503106,1.444206,22.763484,8.340170,3.672248,7.172664,20.370054
1993,5.919315,30.311952,1.484154,22.583356,8.336602,3.710773,7.052064,20.601784
1994,6.113861,30.132742,1.525772,22.404363,8.306554,3.752488,6.935132,20.829087
1995,6.323030,29.951563,1.569437,22.226330,8.270116,3.791230,6.819195,21.049099
1996,6.532337,29.776408,1.616376,22.049195,8.225673,3.826417,6.706067,21.267528
1997,6.730853,29.613401,1.664268,21.870831,8.171438,3.858512,6.595144,21.495552
1998,6.905072,29.465872,1.711764,21.702417,8.118962,3.885403,6.490907,21.719604
1999,7.086081,29.316486,1.764395,21.524967,8.067475,3.912491,6.387520,21.940584
2000,7.262703,29.175627,1.815836,21.343608,8.011951,3.937994,6.285811,22.166471
2001,7.436947,29.026590,1.865795,21.172341,7.961038,3.960185,6.188663,22.388441
2002,7.633256,28.873024,1.915298,20.998238,7.907584,3.981962,6.091286,22.599351
2003,7.876422,28.696700,1.963216,20.813468,7.849581,3.998509,5.992042,22.810062
2004,8.133791,28.513897,2.012890,20.620962,7.788450,4.010502,5.892797,23.026712
2005,8.428006,28.318052,2.063586,20.420098,7.725434,4.019193,5.793285,23.232346
2006,8.751079,28.101676,2.118115,20.213532,7.664074,4.022189,5.693667,23.435667
2007,9.090977,27.881862,2.176420,19.998532,7.600257,4.024974,5.594214,23.632763
2008,9.450697,27.644349,2.238499,19.779793,7.538626,4.020363,5.496207,23.831465
2009,9.826573,27.396414,2.307866,19.557154,7.474875,4.012348,5.401322,24.023448
2010,10.225388,27.138247,2.375608,19.325799,7.410641,4.003125,5.305049,24.216143
2011,10.662311,26.860423,2.444378,19.082641,7.347251,3.994650,5.206025,24.402323
2012,11.091459,26.572520,2.520320,18.839851,7.285494,3.988112,5.111315,24.590930
2013,11.509661,26.302501,2.596845,18.599234,7.221009,3.981703,5.019464,24.769582
2014,11.909008,26.046031,2.679805,18.359018,7.158852,3.971722,4.928879,24.946684
2015,12.281670,25.792286,2.764634,18.134300,7.099729,3.959647,4.841598,25.126137
2016,12.630723,25.541967,2.853333,17.919612,7.043008,3.946802,4.756781,25.307773
2017,12.974859,25.291116,2.941545,17.709621,6.988264,3.932120,4.673303,25.489172
2018,13.317782,25.050168,3.034717,17.496809,6.935641,3.913530,4.590961,25.660393
2019,13.665402,24.807329,3.124256,17.280779,6.883346,3.892657,4.510345,25.835885
2020,14.025460,24.571479,3.202342,17.077751,6.837056,3.873381,4.436154,25.976377
2021,14.386726,24.337323,3.288313,16.874819,6.789895,3.851973,4.361329,26.109622
2022,14.724873,24.111478,3.378982,16.674072,6.748651,3.829156,4.287166,26.245622
2023,15.075454,23.879109,3.477741,16.464381,6.708021,3.803804,4.214423,26.377067
