"Year","China","USA","EU27","India","Russia","Japan","United Kingdom","All others"
1850,0,10.052477,27.522129,0,0.035265,0,62.268786,0.121344
1851,0,11.227164,28.174710,0,0.017547,0,60.464643,0.115936
1852,0,11.805543,29.137493,0,0.011510,0,58.930535,0.114920
1853,0,12.356369,30.099293,0,0.008463,0,57.418779,0.117096
1854,0,12.508218,30.612872,0,0.006455,0,56.749750,0.122704
1855,0,12.928833,31.449644,0,0.020960,0,55.461989,0.138574
1856,0,13.188338,32.019306,0,0.017357,0,54.630263,0.144736
1857,0,13.407170,32.591621,0,0.014791,0,53.835597,0.150821
1858,0,13.570200,33.200227,0.018120,0.026440,0,53.014712,0.170301
1859,0,13.749000,33.360090,0.041598,0.035878,0,52.622205,0.191230
1860,0,13.819413,33.443790,0.059596,0.046406,0,52.407176,0.223619
1861,0,13.744153,33.683156,0.068783,0.057968,0,52.179407,0.266533
1862,0,13.709595,34.105229,0.077521,0.065647,0,51.744366,0.297642
1863,0,13.786917,34.378298,0.085674,0.072055,0,51.351025,0.326032
1864,0,13.845853,34.633118,0.090982,0.078210,0,50.998701,0.353136
1865,0,13.823968,34.931364,0.094653,0.082333,0,50.681813,0.385869
1866,0,13.777226,35.173843,0.098860,0.107790,0,50.405553,0.436728
1867,0,13.901721,35.393670,0.090502,0.132878,0,49.990275,0.490955
1868,0,14.131736,35.648582,0.083272,0.148443,0.000179,49.467547,0.520243
1869,0,14.432631,35.822246,0.076760,0.169572,0.000440,48.956050,0.542302
1870,0,14.735023,35.924513,0.071079,0.189922,0.000662,48.508396,0.570404
1871,0,14.987513,36.030103,0.065895,0.217246,0.000944,48.088551,0.609749
1872,0,15.374072,36.142276,0.060975,0.240140,0.001267,47.537529,0.643741
1873,0,15.784982,36.265999,0.056494,0.256506,0.001619,46.966905,0.667496
1874,0,16.156539,36.206954,0.052857,0.278622,0.007572,46.600940,0.696515
1875,0,16.413099,36.305763,0.049407,0.301995,0.020987,46.181344,0.727405
1876,0,16.596995,36.463856,0.046338,0.331633,0.032396,45.768441,0.760341
1877,0,16.862347,36.506163,0.043578,0.358327,0.041454,45.393008,0.795122
1878,0,17.064313,36.597535,0.055312,0.395306,0.054038,45.001079,0.832418
1879,0,17.417849,36.658127,0.064912,0.428092,0.068494,44.492985,0.869541
1880,0,17.773614,36.771336,0.074396,0.463119,0.081048,43.904301,0.932186
1881,0,18.130926,36.809262,0.082317,0.496245,0.092428,43.401379,0.987443
1882,0,18.549633,36.846599,0.091326,0.527068,0.102842,42.837230,1.045303
1883,0,18.965210,36.891035,0.100437,0.560327,0.112880,42.262950,1.107160
1884,0,19.399325,36.928177,0.110088,0.590452,0.123103,41.678060,1.170794
1885,0,19.803679,36.971293,0.117232,0.622330,0.134265,41.118800,1.232402
1886,0,20.227847,36.989604,0.125123,0.651995,0.145467,40.569702,1.290261
1887,0,20.655008,37.002366,0.133319,0.680499,0.159332,40.014649,1.354826
1888,0,21.230809,36.958176,0.141532,0.705064,0.174088,39.365279,1.425052
1889,0,21.584124,37.018525,0.151530,0.731778,0.191984,38.833763,1.488295
1890,0,22.076917,37.022489,0.161525,0.760496,0.209279,38.220370,1.548923
1891,0,22.566805,37.015735,0.171435,0.790954,0.229575,37.609506,1.615991
1892,0,23.082714,36.966337,0.182020,0.821954,0.247580,37.016862,1.682533
1893,0,23.575598,36.971629,0.192736,0.862061,0.265754,36.373488,1.758735
1894,0,23.890136,37.002453,0.202415,0.898542,0.289985,35.884245,1.832224
1895,0,24.285800,36.982595,0.215154,0.940167,0.315030,35.354765,1.906489
1896,0,24.612781,37.007003,0.228148,0.978068,0.339412,34.853318,1.981269
1897,0,24.914645,37.047632,0.241348,1.022629,0.362686,34.353109,2.057951
1898,0,25.252593,37.069055,0.255163,1.071090,0.393138,33.817788,2.141174
1899,0,25.665472,37.025377,0.269082,1.125312,0.419233,33.266062,2.229462
1900,0,26.067112,36.998885,0.285666,1.184970,0.447121,32.695544,2.320702
1901,0,26.530314,36.912528,0.303214,1.240116,0.480844,32.107296,2.425687
1902,0,27.017273,36.761928,0.321810,1.285121,0.514676,31.572292,2.526900
1903,0,27.629782,36.578292,0.338009,1.318677,0.545120,30.967782,2.622338
1904,0,28.145706,36.421297,0.356126,1.358702,0.579133,30.407202,2.731835
1905,0,28.736881,36.249198,0.372278,1.380760,0.610073,29.821664,2.829146
1906,0,29.307226,36.051439,0.391062,1.409601,0.642376,29.259711,2.938586
1907,0.035069,29.937220,35.850864,0.409532,1.437594,0.671494,28.604749,3.053478
1908,0.071642,30.309692,35.794834,0.432283,1.466210,0.703407,28.046432,3.175500
1909,0.107192,30.773860,35.667210,0.450951,1.494622,0.732135,27.494158,3.279872
1910,0.140446,31.290396,35.500273,0.465939,1.515414,0.758381,26.937224,3.391929
1911,0.170086,31.721253,35.353678,0.481171,1.536510,0.788827,26.429095,3.519379
1912,0.186152,32.163405,35.242869,0.499226,1.563714,0.821943,25.872610,3.650081
1913,0.209708,32.581933,35.124052,0.517784,1.590804,0.855829,25.329429,3.790462
1914,0.235272,32.941373,34.950722,0.537207,1.612848,0.895102,24.918518,3.908958
1915,0.257398,33.352332,34.711080,0.557196,1.627252,0.925491,24.561052,4.008200
1916,0.282610,33.811331,34.441536,0.574448,1.640572,0.957591,24.179187,4.112727
1917,0.307494,34.347109,34.124127,0.591043,1.644004,0.995546,23.778298,4.212378
1918,0.333594,34.942917,33.788769,0.611390,1.608072,1.035522,23.382902,4.296834
1919,0.362954,35.385917,33.434718,0.637133,1.578723,1.085867,23.117629,4.397059
1920,0.390863,35.885544,33.114164,0.649753,1.541571,1.122451,22.769275,4.526379
1921,0.417124,36.195520,32.987275,0.666907,1.514962,1.154070,22.391747,4.672394
1922,0.442356,36.446445,32.843613,0.681495,1.492099,1.186534,22.108310,4.799148
1923,0.470236,36.959813,32.490014,0.693403,1.467123,1.216291,21.778762,4.924358
1924,0.498317,37.259172,32.314053,0.706831,1.448377,1.247046,21.487548,5.038657
1925,0.521939,37.578322,32.148274,0.718690,1.429964,1.277708,21.184917,5.140186
1926,0.542474,38.022234,31.982301,0.730097,1.425720,1.307681,20.742759,5.246734
1927,0.562007,38.300814,31.838307,0.740393,1.427182,1.337824,20.450137,5.343336
1928,0.581796,38.542315,31.727953,0.748729,1.433857,1.368549,20.155824,5.440976
1929,0.599584,38.784005,31.638170,0.756128,1.440752,1.396215,19.852808,5.532338
1930,0.618708,38.945202,31.548643,0.765443,1.469367,1.419214,19.602340,5.631082
1931,0.640350,39.027961,31.478390,0.774008,1.514671,1.439309,19.403346,5.721965
1932,0.661383,39.042221,31.405400,0.782141,1.571737,1.462011,19.249385,5.825722
1933,0.683352,39.073435,31.318559,0.788559,1.634880,1.491184,19.077609,5.932422
1934,0.708494,39.085195,31.222445,0.795907,1.712155,1.522677,18.897290,6.055837
1935,0.738279,39.086983,31.124596,0.803124,1.798715,1.554229,18.707341,6.186733
1936,0.766616,39.137261,30.986434,0.807637,1.895093,1.587174,18.498753,6.321032
1937,0.789288,39.164081,30.884492,0.813179,1.986107,1.620834,18.277225,6.464794
1938,0.806269,39.086029,30.845218,0.822941,2.083323,1.659148,18.085207,6.611863
1939,0.828894,39.046962,30.785297,0.830405,2.174388,1.690806,17.879095,6.764153
1940,0.857714,39.035211,30.686004,0.837245,2.283661,1.731378,17.655133,6.913654
1941,0.897294,39.093556,30.562715,0.843901,2.365562,1.769429,17.429456,7.038088
1942,0.942171,39.234782,30.458414,0.850229,2.378931,1.801882,17.216583,7.117007
1943,0.974508,39.390576,30.352333,0.852243,2.393838,1.833356,17.000118,7.203028
1944,1.001726,39.611481,30.142828,0.854362,2.441167,1.856396,16.781768,7.310272
1945,1.008393,39.949945,29.748142,0.862655,2.503110,1.855261,16.633733,7.438760
1946,1.003174,40.147878,29.487720,0.868631,2.571388,1.838943,16.469604,7.612662
1947,0.998538,40.349730,29.237348,0.872710,2.655253,1.827266,16.285815,7.773339
1948,0.991243,40.534618,29.010254,0.875474,2.740755,1.822205,16.096696,7.928756
1949,0.995823,40.552095,28.869114,0.880136,2.844576,1.823491,15.933490,8.101276
1950,1.004247,40.599422,28.667790,0.883790,2.952585,1.820427,15.731974,8.339763
1951,1.020609,40.611701,28.496152,0.887075,3.065013,1.823574,15.534836,8.561040
1952,1.046554,40.580478,28.347371,0.891289,3.183630,1.828804,15.335785,8.786090
1953,1.072694,40.545988,28.196995,0.895137,3.304917,1.838653,15.140678,9.004937
1954,1.107570,40.441568,28.076915,0.899746,3.436488,1.845661,14.952498,9.239554
1955,1.149159,40.333190,27.943628,0.904293,3.580890,1.847392,14.746251,9.495197
1956,1.195746,40.207686,27.813999,0.908027,3.733291,1.852710,14.524371,9.764171
1957,1.252960,40.042663,27.687101,0.914298,3.896905,1.865904,14.300384,10.039784
1958,1.400335,39.823425,27.539574,0.920927,4.065728,1.874376,14.072741,10.302894
1959,1.603610,39.586463,27.369696,0.927709,4.232680,1.883454,13.834149,10.562239
1960,1.817802,39.315879,27.214364,0.935716,4.393688,1.901853,13.598009,10.822688
1961,1.945792,39.054375,27.097624,0.946058,4.553426,1.935071,13.376231,11.091423
1962,2.029653,38.801344,27.007965,0.958590,4.712992,1.967441,13.155179,11.366835
1963,2.104421,38.542666,26.929036,0.971834,4.876442,2.004402,12.929981,11.641218
1964,2.172290,38.277386,26.849400,0.981819,5.040922,2.045759,12.698909,11.933514
1965,2.244115,38.014138,26.747020,0.993840,5.206926,2.089498,12.468812,12.235651
1966,2.321456,37.757468,26.633256,1.005158,5.372341,2.136283,12.233474,12.540564
1967,2.367970,37.514949,26.516480,1.014801,5.536623,2.196476,11.994064,12.858637
1968,2.416474,37.258703,26.406291,1.025804,5.690096,2.267612,11.753292,13.181727
1969,2.484370,36.988499,26.296562,1.034738,5.834883,2.351809,11.508930,13.500209
1970,2.588629,36.709613,26.156663,1.041301,5.970943,2.451248,11.256005,13.825598
1971,2.705255,36.404965,26.011642,1.048307,6.109432,2.546892,11.006849,14.166658
1972,2.822514,36.109381,25.864004,1.055593,6.246053,2.644053,10.754838,14.503564
1973,2.934734,35.813984,25.716479,1.061723,6.376031,2.742719,10.503527,14.850801
1974,3.043569,35.510631,25.578997,1.068964,6.510928,2.834855,10.262620,15.189438
1975,3.175653,35.196806,25.434489,1.079286,6.653904,2.911430,10.034506,15.513926
1976,3.301429,34.892512,25.306885,1.088995,6.788813,2.985031,9.802778,15.833558
1977,3.436781,34.602051,25.156810,1.099651,6.920142,3.055661,9.578525,16.150378
1978,3.586699,34.304817,25.014329,1.109208,7.047597,3.112728,9.359576,16.465046
1979,3.728912,34.006986,24.876902,1.119359,7.162835,3.171966,9.153405,16.779635
1980,3.857329,33.701843,24.747399,1.131647,7.285424,3.226575,8.951570,17.098213
1981,3.977709,33.421386,24.609924,1.147793,7.399271,3.277279,8.766106,17.400531
1982,4.112328,33.128012,24.472073,1.164887,7.514287,3.321109,8.591864,17.695440
1983,4.251776,32.842712,24.331071,1.184873,7.625855,3.359261,8.425686,17.978764
1984,4.401416,32.576241,24.179604,1.203944,7.726420,3.400276,8.258386,18.253714
1985,4.560319,32.292743,24.022064,1.225960,7.838447,3.432140,8.097257,18.531071
1986,4.723039,32.013357,23.861150,1.250213,7.940807,3.460711,7.943186,18.807536
1987,4.893202,31.743799,23.693041,1.275932,8.031599,3.483297,7.791331,19.087800
1988,5.070423,31.484401,23.502956,1.303569,8.118791,3.511695,7.639414,19.368751
1989,5.240411,31.238048,23.319456,1.335396,8.193757,3.541751,7.494643,19.636538
1990,5.401219,30.990851,23.140086,1.369504,8.277153,3.585568,7.357306,19.878313
1991,5.564561,30.732186,22.949504,1.405426,8.335388,3.626243,7.224177,20.162514
1992,5.738125,30.524505,22.772017,1.445229,8.345216,3.668706,7.102052,20.404150
1993,5.923006,30.330848,22.589968,1.485081,8.340877,3.707176,6.982754,20.640291
1994,6.117319,30.151979,22.411213,1.526987,8.310838,3.749176,6.867710,20.864778
1995,6.326627,29.972865,22.234801,1.570881,8.274844,3.788407,6.753968,21.077607
1996,6.536077,29.800531,22.059679,1.618152,8.231042,3.824171,6.643137,21.287212
1997,6.734781,29.640219,21.883247,1.666302,8.177406,3.856820,6.534388,21.506837
1998,6.909265,29.494989,21.716509,1.714064,8.125409,3.884196,6.432139,21.723430
1999,7.090748,29.348890,21.541281,1.765932,8.074581,3.911869,6.330851,21.935849
2000,7.267373,29.209288,21.360720,1.816685,8.019173,3.937685,6.230768,22.158309
2001,7.441505,29.060725,21.189908,1.865919,7.968231,3.960104,6.135065,22.378543
2002,7.638741,28.906652,21.015464,1.914552,7.914402,3.981925,6.038851,22.589413
2003,7.880926,28.730282,20.831136,1.961765,7.856143,3.998571,5.940895,22.800282
2004,8.138970,28.546816,20.638947,2.010708,7.794567,4.010575,5.842802,23.016616
2005,8.432871,28.350407,20.437466,2.060688,7.731038,4.019299,5.744447,23.223784
2006,8.755928,28.134196,20.230290,2.112608,7.669308,4.022439,5.646135,23.429097
2007,9.095835,27.914388,20.015763,2.168294,7.605049,4.025340,5.547918,23.627413
2008,9.455324,27.675870,19.796291,2.228424,7.542770,4.020701,5.450934,23.829686
2009,9.830921,27.426651,19.572843,2.297998,7.478294,4.012601,5.356964,24.023727
2010,10.229623,27.167456,19.341411,2.365968,7.413378,4.003358,5.261678,24.217128
2011,10.666674,26.889040,19.098339,2.436073,7.349476,3.994938,5.163725,24.401735
2012,11.096028,26.600162,18.855051,2.514895,7.287103,3.988383,5.069964,24.588414
2013,11.514321,26.328978,18.613778,2.594516,7.221904,3.981932,4.978988,24.765582
2014,11.913411,26.069436,18.371561,2.680004,7.158498,3.971637,4.888881,24.946572
2015,12.285208,25.812357,18.144420,2.767019,7.098030,3.959180,4.801987,25.131799
2016,12.633650,25.559587,17.928551,2.857398,7.040174,3.946110,4.717700,25.316831
2017,12.977315,25.306431,17.717438,2.945883,6.984242,3.931227,4.634755,25.502709
2018,13.320823,25.063482,17.503283,3.039271,6.930536,3.912475,4.552982,25.677148
2019,13.670303,24.820405,17.287362,3.129598,6.877664,3.891702,4.473245,25.849721
2020,14.032228,24.582268,17.082410,3.208725,6.830407,3.872227,4.399440,25.992296
2021,14.393760,24.344527,16.877567,3.296378,6.785372,3.850862,4.325179,26.126355
