"Year","China","USA","India","EU27","Russia","Japan","United Kingdom","All others"
1850,0,10.059837,0,27.542278,0.035287,0,62.184971,0.177627
1851,0,11.235141,0,28.194727,0.017558,0,60.381693,0.170882
1852,0,11.813722,0,29.157679,0.011517,0,58.848502,0.168579
1853,0,12.364002,0,30.117884,0.008467,0,57.334509,0.175137
1854,0,12.515342,0,30.630308,0.006458,0,56.663829,0.184062
1855,0,12.935359,0,31.465516,0.020969,0,55.374348,0.203808
1856,0,13.193810,0,32.032589,0.017362,0,54.538949,0.217290
1857,0,13.411607,0,32.602405,0.014794,0,53.741056,0.230138
1858,0,13.573769,0.018124,33.208955,0.026444,0,52.918093,0.254614
1859,0,13.751235,0.041605,33.365508,0.035880,0,52.521197,0.284575
1860,0,13.819813,0.059597,33.444756,0.046403,0,52.312044,0.317387
1861,0,13.744285,0.068784,33.683473,0.057963,0,52.093902,0.351594
1862,0,13.708025,0.077512,34.101318,0.065633,0,51.661120,0.386392
1863,0,13.784354,0.085657,34.371899,0.072034,0,51.271675,0.414380
1864,0,13.841475,0.090953,34.622159,0.078177,0,50.919395,0.447841
1865,0,13.818383,0.094614,34.917244,0.082292,0,50.603939,0.483528
1866,0,13.770586,0.098812,35.156881,0.107727,0,50.328813,0.537181
1867,0,13.894737,0.090456,35.375876,0.132797,0,49.917150,0.588982
1868,0,14.123366,0.083222,35.627454,0.148340,0.000179,49.394078,0.623361
1869,0,14.422970,0.076708,35.798251,0.169441,0.000440,48.882565,0.649626
1870,0,14.724250,0.071027,35.898230,0.189764,0.000661,48.435232,0.680835
1871,0,14.975911,0.065844,36.002191,0.217055,0.000943,48.016378,0.721678
1872,0,15.361358,0.060924,36.112364,0.239917,0.001266,47.465880,0.758290
1873,0,15.771038,0.056444,36.233938,0.256253,0.001617,46.895458,0.785252
1874,0,16.141127,0.052806,36.172387,0.278328,0.007565,46.528457,0.819330
1875,0,16.396383,0.049356,36.268757,0.301656,0.020965,46.108112,0.854770
1876,0,16.579298,0.046289,36.424943,0.331246,0.032361,45.695071,0.890792
1877,0,16.843565,0.043530,36.465466,0.357892,0.041408,45.319343,0.928797
1878,0,17.044199,0.055247,36.554359,0.394799,0.053974,44.926241,0.971181
1879,0,17.397013,0.064834,36.614232,0.427536,0.068412,44.419212,1.008762
1880,0,17.753375,0.074311,36.729418,0.462545,0.080955,43.835007,1.064389
1881,0,18.110119,0.082223,36.766971,0.495625,0.092322,43.333412,1.119330
1882,0,18.527917,0.091219,36.803410,0.526397,0.102721,42.769987,1.178349
1883,0,18.942379,0.100316,36.846570,0.559595,0.112745,42.195985,1.242410
1884,0,19.375157,0.109951,36.882113,0.589657,0.122950,41.610953,1.309221
1885,0,19.778267,0.117081,36.923792,0.621468,0.134093,41.051666,1.373632
1886,0,20.201258,0.124959,36.940919,0.651072,0.145276,40.502744,1.433773
1887,0,20.627295,0.133140,36.952655,0.679517,0.159118,39.948033,1.500241
1888,0,21.201867,0.141339,36.907725,0.704031,0.173850,39.299381,1.571807
1889,0,21.553596,0.151316,36.966097,0.730669,0.191713,38.767229,1.639381
1890,0,22.045634,0.161296,36.969957,0.759340,0.208983,38.155215,1.699574
1891,0,22.534008,0.171185,36.961867,0.789723,0.229241,37.544424,1.769551
1892,0,23.048903,0.181753,36.912118,0.820666,0.247217,36.952740,1.836603
1893,0,23.541209,0.192455,36.917629,0.860716,0.265366,36.310998,1.911627
1894,0,23.855198,0.202118,36.948273,0.897136,0.289560,35.822771,1.984943
1895,0,24.250296,0.214839,36.928465,0.938697,0.314569,35.294505,2.058629
1896,0,24.576489,0.227811,36.952376,0.976526,0.338912,34.793749,2.134138
1897,0,24.877507,0.240988,36.992351,1.021000,0.362145,34.294105,2.211903
1898,0,25.214695,0.254779,37.013369,1.069373,0.392548,33.759600,2.295635
1899,0,25.626869,0.268677,36.969635,1.123505,0.418602,33.208949,2.383763
1900,0,26.029802,0.285257,36.945882,1.183153,0.446481,32.642014,2.467410
1901,0,26.494150,0.302800,36.862173,1.238299,0.480189,32.057118,2.565271
1902,0,26.982161,0.321391,36.714116,1.283320,0.514007,31.525146,2.659860
1903,0,27.595606,0.337590,36.533017,1.316911,0.544446,30.923658,2.748773
1904,0,28.112514,0.355706,36.378320,1.356961,0.578450,30.365795,2.852254
1905,0,28.704591,0.371859,36.208448,1.379068,0.609388,29.782869,2.943777
1906,0,29.275844,0.390643,36.012825,1.407947,0.641688,29.223343,3.047710
1907,0.035034,29.906789,0.409115,35.814417,1.435986,0.670812,28.570891,3.156957
1908,0.071573,30.280300,0.431863,35.760125,1.464638,0.702725,28.014677,3.274099
1909,0.107092,30.745386,0.450533,35.634216,1.493086,0.731457,27.464371,3.373857
1910,0.140321,31.262656,0.465525,35.468814,1.513915,0.757709,26.909197,3.481862
1911,0.169941,31.694261,0.480761,35.323615,1.535046,0.788156,26.402647,3.605571
1912,0.185999,32.137080,0.498817,35.214048,1.562274,0.821270,25.847653,3.732858
1913,0.209543,32.556330,0.517377,35.096503,1.589391,0.855156,25.305919,3.869781
1914,0.235093,32.916350,0.536798,34.924214,1.611459,0.894422,24.896131,3.985534
1915,0.257208,33.327775,0.556785,34.685555,1.625888,0.924810,24.539642,4.082337
1916,0.282408,33.787197,0.574037,34.416975,1.639233,0.956907,24.158734,4.184508
1917,0.307281,34.323350,0.590634,34.100538,1.642699,0.994858,23.758784,4.281856
1918,0.333371,34.919502,0.610980,33.766140,1.606830,1.034829,23.364283,4.364066
1919,0.362717,35.362794,0.636716,33.412902,1.577530,1.085158,23.099667,4.462516
1920,0.390615,35.862800,0.649340,33.093233,1.540437,1.121740,22.752090,4.589745
1921,0.416865,36.173052,0.666492,32.966880,1.513867,1.153354,22.375177,4.734313
1922,0.442087,36.424319,0.681081,32.823792,1.491041,1.185813,22.092300,4.859566
1923,0.469956,36.937850,0.692990,32.470863,1.466102,1.215568,21.763320,4.983351
1924,0.498025,37.237387,0.706416,32.295349,1.447382,1.246317,21.472566,5.096558
1925,0.521637,37.556603,0.718274,32.129921,1.428991,1.276969,21.170332,5.197272
1926,0.542162,38.000380,0.729677,31.964178,1.424755,1.306929,20.728568,5.303351
1927,0.561684,38.278776,0.739966,31.820280,1.426215,1.337054,20.436175,5.399850
1928,0.581459,38.520017,0.748295,31.709925,1.432881,1.367757,20.142036,5.497629
1929,0.599234,38.761337,0.755685,31.620045,1.439763,1.395399,19.839147,5.589391
1930,0.618340,38.921991,0.764986,31.530238,1.468342,1.418368,19.588659,5.689076
1931,0.639964,39.004458,0.773541,31.459856,1.513605,1.438442,19.389713,5.780420
1932,0.660981,39.018500,0.781665,31.386761,1.570622,1.461123,19.235785,5.884562
1933,0.682931,39.049390,0.788073,31.299743,1.633708,1.490266,19.064008,5.991881
1934,0.708052,39.060819,0.795409,31.203441,1.710913,1.521727,18.883689,6.115949
1935,0.737813,39.062273,0.802615,31.105399,1.797394,1.553246,18.693744,6.247516
1936,0.766122,39.112076,0.807117,30.966980,1.893681,1.586153,18.485126,6.382746
1937,0.788770,39.138400,0.812644,30.864735,1.984602,1.619771,18.263564,6.527513
1938,0.805726,39.059726,0.822387,30.824963,2.081709,1.658032,18.071404,6.676054
1939,0.828322,39.020042,0.829832,30.764584,2.172667,1.689641,17.865178,6.829734
1940,0.857107,39.007557,0.836650,30.664785,2.281810,1.730151,17.641079,6.980860
1941,0.896650,39.065505,0.843295,30.541276,2.363623,1.768159,17.415445,7.106047
1942,0.941483,39.206121,0.849607,30.436634,2.376951,1.800565,17.202543,7.186096
1943,0.973782,39.361195,0.851607,30.330143,2.391808,1.831988,16.986012,7.273466
1944,1.000961,39.581239,0.853709,30.120243,2.439054,1.854979,16.767568,7.382247
1945,1.007605,39.918721,0.861979,29.725317,2.500899,1.853811,16.619374,7.512293
1946,1.002370,40.115684,0.867933,29.464513,2.569064,1.837468,16.455070,7.687898
1947,0.997722,40.316765,0.871996,29.213923,2.652813,1.825774,16.271215,7.849793
1948,0.990411,40.500595,0.874738,28.986390,2.738175,1.820676,16.081922,8.007093
1949,0.995300,40.530796,0.879672,28.854466,2.842792,1.822533,15.923889,8.150552
1950,1.004062,40.591927,0.883626,28.662966,2.951739,1.820091,15.727869,8.357720
1951,1.020419,40.604128,0.886909,28.491241,3.064129,1.823234,15.530772,8.579170
1952,1.046357,40.572825,0.891120,28.342357,3.182705,1.828459,15.331757,8.804421
1953,1.072483,40.538038,0.894961,28.191734,3.303932,1.838293,15.136604,9.023955
1954,1.107361,40.433926,0.899575,28.071813,3.435488,1.845312,14.948598,9.257926
1955,1.148946,40.325692,0.904124,27.938567,3.579860,1.847048,14.742465,9.513299
1956,1.195522,40.200172,0.907856,27.808868,3.732213,1.852364,14.520644,9.782361
1957,1.252733,40.035393,0.914131,27.682053,3.895801,1.865565,14.296804,10.057520
1958,1.400091,39.816474,0.920765,27.534664,4.064604,1.874049,14.069330,10.320023
1959,1.603347,39.579972,0.927555,27.365014,4.231555,1.883145,13.830955,10.578456
1960,1.817521,39.309794,0.935570,27.210001,4.392561,1.901559,13.595008,10.837986
1961,1.945526,39.049024,0.945927,27.093804,4.552339,1.934805,13.373528,11.105048
1962,2.029412,38.796730,0.958475,27.004690,4.711953,1.967207,13.152772,11.378762
1963,2.104214,38.538876,0.971737,26.926369,4.875466,2.004205,12.927892,11.651240
1964,2.172121,38.274410,0.981742,26.847347,5.040018,2.045600,12.697130,11.941633
1965,2.243996,38.012125,0.993787,26.745687,5.206120,2.089387,12.467385,12.241512
1966,2.321370,37.756072,1.005120,26.632400,5.371596,2.136204,12.232280,12.544957
1967,2.367933,37.514371,1.014784,26.516242,5.535975,2.196442,11.993162,12.861091
1968,2.416479,37.258772,1.025805,26.406553,5.689528,2.267616,11.752620,13.182628
1969,2.484415,36.989165,1.034756,26.297289,5.834394,2.351851,11.508467,13.499664
1970,2.588677,36.710299,1.041320,26.157470,5.970447,2.451294,11.255569,13.824925
1971,2.705320,36.405848,1.048331,26.012649,6.108959,2.546953,11.006493,14.165447
1972,2.822613,36.110647,1.055629,25.865325,6.245637,2.644146,10.754614,14.501389
1973,2.934850,35.815412,1.061764,25.717953,6.375634,2.742828,10.503364,14.848196
1974,3.043736,35.512600,1.069022,25.580887,6.510621,2.835010,10.262623,15.185501
1975,3.175850,35.199027,1.079352,25.436583,6.653640,2.911611,10.034590,15.509347
1976,3.301670,34.895093,1.089073,25.309249,6.788615,2.985248,9.802970,15.828081
1977,3.437075,34.605060,1.099744,25.159475,6.920029,3.055923,9.578841,16.143854
1978,3.587081,34.308523,1.109325,25.017495,7.047627,3.113059,9.360085,16.456807
1979,3.729395,34.011456,1.119503,24.880621,7.163032,3.172376,9.154120,16.769497
1980,3.857934,33.707197,1.131823,24.751758,7.285822,3.227080,8.952518,17.085867
1981,3.978437,33.427580,1.148002,24.614899,7.399870,3.277879,8.767269,17.386064
1982,4.113182,33.134973,1.165128,24.477597,7.515080,3.321799,8.593220,17.679020
1983,4.252768,32.850457,1.185148,24.337169,7.626854,3.360045,8.427236,17.960323
1984,4.402562,32.584818,1.204256,24.186315,7.727643,3.401161,8.260134,18.233109
1985,4.561606,32.301952,1.226305,24.029239,7.839858,3.433109,8.099151,18.508782
1986,4.724464,32.023121,1.250589,23.868844,7.942416,3.461756,7.945204,18.783606
1987,4.894823,31.754423,1.276353,23.701543,8.033535,3.484451,7.793544,19.061328
1988,5.072257,31.495904,1.304040,23.512298,8.120917,3.512965,7.641820,19.339799
1989,5.242463,31.250402,1.335917,23.329506,8.196197,3.543139,7.497230,19.605144
1990,5.403307,31.002754,1.370032,23.150535,8.279777,3.586838,7.359812,19.846945
1991,5.566754,30.743982,1.405979,22.960198,8.338263,3.627453,7.226697,20.130674
1992,5.740413,30.536251,1.445804,22.783203,8.348250,3.669858,7.104565,20.371655
1993,5.925405,30.342545,1.485681,22.601489,8.344059,3.708283,6.985271,20.607267
1994,6.119705,30.160959,1.527231,22.420978,8.313401,3.749907,6.869616,20.838203
1995,6.328971,29.979137,1.570912,22.242703,8.276822,3.788766,6.755306,21.057383
1996,6.538372,29.803364,1.617869,22.065343,8.232235,3.824065,6.643775,21.274976
1997,6.736956,29.639713,1.665777,21.886714,8.177837,3.856258,6.534364,21.502381
1998,6.910990,29.490600,1.713231,21.717321,8.124934,3.883102,6.431348,21.728473
1999,7.092147,29.341069,1.764892,21.539925,8.073419,3.910332,6.329457,21.948758
2000,7.268830,29.199750,1.815523,21.358363,8.017775,3.935920,6.229141,22.174699
2001,7.443289,29.050863,1.864691,21.187348,7.966914,3.958274,6.133458,22.395164
2002,7.639808,28.897341,1.913353,21.013403,7.913481,3.980201,6.037484,22.604929
2003,7.883162,28.720803,1.960631,20.829083,7.855429,3.996861,5.939595,22.814434
2004,8.140666,28.537553,2.009673,20.637134,7.794185,4.008929,5.841635,23.030224
2005,8.435113,28.341488,2.059774,20.436031,7.731119,4.017731,5.743435,23.235308
2006,8.758437,28.124868,2.114484,20.228613,7.669709,4.020826,5.645102,23.437962
2007,9.098684,27.905069,2.172991,20.014083,7.605910,4.023749,5.546956,23.632557
2008,9.458747,27.667477,2.235264,19.795151,7.544277,4.019252,5.450197,23.829634
2009,9.835108,27.419799,2.304852,19.572683,7.480616,4.011381,5.356545,24.019015
2010,10.234431,27.161836,2.372815,19.342014,7.416459,4.002316,5.261501,24.208628
2011,10.672037,26.884513,2.441835,19.099482,7.353232,3.994040,5.163742,24.391119
2012,11.101839,26.596976,2.518024,18.856983,7.291606,3.987686,5.070231,24.576655
2013,11.520724,26.327374,2.594798,18.616857,7.227260,3.981465,4.979541,24.751980
2014,11.920619,26.069784,2.677857,18.376008,7.164816,3.971456,4.889775,24.929685
2015,12.293103,25.814260,2.762701,18.149859,7.105227,3.959221,4.803144,25.112485
2016,12.641986,25.562512,2.851440,17.934437,7.048135,3.946217,4.719003,25.296271
2017,12.986153,25.310426,2.939699,17.723705,6.993074,3.931406,4.636211,25.479326
2018,13.330071,25.068293,3.032915,17.509795,6.940145,3.912680,4.554544,25.651556
2019,13.678622,24.825834,3.122680,17.293954,6.887979,3.891905,4.474858,25.824168
2020,14.040148,24.591149,3.201081,17.091853,6.842038,3.872861,4.401656,25.959214
2021,14.396394,24.358852,3.287480,16.890434,6.795421,3.851850,4.328116,26.091453
2022,14.738449,24.133100,3.378435,16.691776,6.746090,3.830521,4.255208,26.226419
